// Rojo armor => Azules armor
rgb(236, 36, 36), rgb(72, 110, 207)
rgb(237, 37, 36), rgb(72, 110, 207)
rgb(236, 37, 36), rgb(72, 110, 207)
rgb(236, 37, 37), rgb(72, 110, 207)
rgb(237, 36, 37), rgb(72, 110, 207)
rgb(236, 36, 37), rgb(72, 110, 207)
rgb(188, 8, 10), rgb(47, 74, 148)
rgb(186, 8, 9), rgb(47, 74, 148)
rgb(184, 8, 8), rgb(47, 74, 148)
rgb(185, 8, 9), rgb(47, 74, 148)
rgb(185, 8, 8), rgb(47, 74, 148)
rgb(185, 9, 9), rgb(47, 74, 148)
rgb(185, 9, 8), rgb(47, 74, 148)
rgb(184, 9, 9), rgb(47, 74, 148)
rgb(120, 8, 8), rgb(39, 60, 110)
rgb(120, 9, 9), rgb(39, 60, 110)
rgb(121, 9, 9), rgb(39, 60, 110)
rgb(121, 9, 8), rgb(39, 60, 110)
rgb(121, 8, 8), rgb(39, 60, 110)
rgb(121, 8, 9), rgb(39, 60, 110)
rgb(122, 8, 10), rgb(39, 60, 110)
rgb(123, 0, 0), rgb(39, 60, 110)
rgb(123, 9, 12), rgb(39, 60, 110)
rgb(65, 9, 8), rgb(26, 41, 77)
rgb(65, 9, 9), rgb(26, 41, 77)
rgb(64, 8, 8), rgb(26, 41, 77)

// Ojos armor
rgb(107, 81, 73), rgb(75, 91, 99)
rgb(156, 158, 137), rgb(193, 172, 166)

// Ojos
rgb(240, 232, 144), rgb(215, 124, 95)
rgb(168, 152, 48), rgb(168, 74, 45)

// Rojo capa => Azul capa
rgb(82, 16, 16), rgb(0, 15, 73)
rgb(107, 16, 16), rgb(6, 30, 88)
rgb(173, 33, 25), rgb(21, 45, 103)
rgb(173, 34, 26), rgb(21, 45, 103)
rgb(197, 33, 25), rgb(36, 60, 118)

// Amarillo armor => Gris armor
rgb(255, 255, 51), rgb(204, 204, 204)
rgb(255, 235, 0), rgb(204, 204, 204)
rgb(248, 208, 0), rgb(204, 204, 204)
rgb(248, 208, 1), rgb(204, 204, 204)
rgb(241, 169, 0), rgb(138, 138, 138)
rgb(241, 169, 1), rgb(138, 138, 138)
rgb(240, 168, 0), rgb(138, 138, 138)
rgb(240, 168, 1), rgb(138, 138, 138)
rgb(240, 169, 0), rgb(138, 138, 138)
rgb(240, 169, 1), rgb(138, 138, 138)
rgb(204, 170, 34), rgb(77, 77, 77)
rgb(217, 97, 17), rgb(77, 77, 77)
rgb(217, 97, 16), rgb(77, 77, 77)
rgb(216, 96, 16), rgb(77, 77, 77)
rgb(216, 97, 16), rgb(77, 77, 77)
rgb(216, 96, 17), rgb(77, 77, 77)
rgb(216, 97, 17), rgb(77, 77, 77)

// Blanco hair => Negro hair
rgb(64, 56, 72), rgb(70, 70, 70)
rgb(112, 112, 144), rgb(135, 135, 135)
rgb(168, 168, 200), rgb(234, 234, 234)

// Gris simbolo => Gris oscuro simbolo
// rgb(73, 80, 91), rgb(38, 50, 56)
// rgb(74, 80, 91), rgb(38, 50, 56)

// Blanco armor => Negro armor
rgb(40, 40, 80), rgb(80, 80, 80)
rgb(40, 40, 82), rgb(80, 80, 80)
rgb(41, 40, 80), rgb(80, 80, 80)
rgb(41, 41, 80), rgb(80, 80, 80)
rgb(41, 41, 81), rgb(80, 80, 80)
rgb(57, 56, 123), rgb(93, 93, 93)
rgb(72, 64, 104), rgb(116, 116, 116)
rgb(73, 65, 105), rgb(116, 116, 116)
rgb(72, 64, 105), rgb(116, 116, 116)
rgb(73, 64, 104), rgb(116, 116, 116)
rgb(73, 65, 104), rgb(116, 116, 116)
rgb(72, 64, 106), rgb(116, 116, 116)
rgb(120, 120, 160), rgb(166, 166, 166)
rgb(102, 119, 153), rgb(166, 166, 166)
rgb(121, 121, 160), rgb(166, 166, 166)
rgb(120, 121, 163), rgb(166, 166, 166)
rgb(121, 120, 160), rgb(166, 166, 166)
rgb(121, 121, 161), rgb(166, 166, 166)
rgb(121, 122, 164), rgb(166, 166, 166)
rgb(152, 160, 192), rgb(184, 184, 184)
rgb(153, 161, 193), rgb(184, 184, 184)
rgb(153, 160, 192), rgb(184, 184, 184)
rgb(153, 161, 192), rgb(184, 184, 184)
rgb(153, 162, 195), rgb(184, 184, 184)
rgb(154, 163, 196), rgb(184, 184, 184)
rgb(224, 224, 240), rgb(214, 214, 214)
rgb(224, 225, 240), rgb(214, 214, 214)
rgb(240, 240, 248), rgb(224, 224, 224)

// Cintura
rgb(80, 80, 120), rgb(116, 116, 116)
rgb(123, 135, 154), rgb(206, 206, 206)
rgb(235, 234, 234), rgb(253, 253, 253)
rgb(234, 234, 234), rgb(253, 253, 253)
