// Rojo armor => Azules armor
rgb(236, 36, 36), rgb(52, 92, 188)
rgb(237, 37, 36), rgb(52, 92, 188)
rgb(236, 37, 36), rgb(52, 92, 188)
rgb(236, 37, 37), rgb(52, 92, 188)
rgb(237, 36, 37), rgb(52, 92, 188)
rgb(236, 36, 37), rgb(52, 92, 188)
rgb(188, 8, 10), rgb(32, 72, 168)
rgb(186, 8, 9), rgb(32, 72, 168)
rgb(184, 8, 8), rgb(32, 72, 168)
rgb(185, 8, 9), rgb(32, 72, 168)
rgb(185, 8, 8), rgb(32, 72, 168)
rgb(185, 9, 9), rgb(32, 72, 168)
rgb(185, 9, 8), rgb(32, 72, 168)
rgb(184, 9, 9), rgb(32, 72, 168)
rgb(120, 8, 8), rgb(24, 36, 140)
rgb(120, 9, 9), rgb(24, 36, 140)
rgb(121, 9, 9), rgb(24, 36, 140)
rgb(121, 9, 8), rgb(24, 36, 140)
rgb(121, 8, 8), rgb(24, 36, 140)
rgb(121, 8, 9), rgb(24, 36, 140)
rgb(122, 8, 10), rgb(24, 36, 140)
rgb(123, 0, 0), rgb(24, 36, 140)
rgb(123, 9, 12), rgb(24, 36, 140)
rgb(65, 9, 8), rgb(0, 6, 110)
rgb(65, 9, 9), rgb(0, 6, 110)
rgb(64, 8, 8), rgb(0, 6, 110)

// Ojos armor
rgb(107, 81, 73), rgb(55, 71, 79)
rgb(156, 158, 137), rgb(176, 190, 197)

// Ojos
// rgb(240, 232, 144), rgb(215, 124, 95)
// rgb(168, 152, 48), rgb(168, 74, 45)

// Rojo capa => Azul capa
rgb(82, 16, 16), rgb(16, 30, 82)
rgb(107, 16, 16), rgb(36, 50, 102)
rgb(197, 33, 25), rgb(41, 55, 107)
rgb(173, 33, 25), rgb(51, 65, 117)
rgb(173, 34, 26), rgb(51, 65, 117)

// Amarillo armor => Gris armor
rgb(255, 255, 51), rgb(244, 244, 244)
rgb(255, 235, 0), rgb(244, 244, 244)
rgb(248, 208, 0), rgb(244, 244, 244)
rgb(248, 208, 1), rgb(244, 244, 244)
rgb(241, 169, 0), rgb(200, 211, 219)
rgb(241, 169, 1), rgb(200, 211, 219)
rgb(240, 168, 0), rgb(200, 211, 219)
rgb(240, 168, 1), rgb(200, 211, 219)
rgb(240, 169, 0), rgb(200, 211, 219)
rgb(240, 169, 1), rgb(200, 211, 219)
rgb(204, 170, 34), rgb(135, 148, 155)
rgb(217, 97, 17), rgb(135, 148, 155)
rgb(217, 97, 16), rgb(135, 148, 155)
rgb(216, 96, 16), rgb(135, 148, 155)
rgb(216, 97, 16), rgb(135, 148, 155)
rgb(216, 96, 17), rgb(135, 148, 155)
rgb(216, 97, 17), rgb(135, 148, 155)

// Blanco hair => Negro hair
rgb(64, 56, 72), rgb(47, 47, 47)
rgb(112, 112, 144), rgb(58, 58, 58)
rgb(168, 168, 200), rgb(78, 78, 78)

// Gris simbolo => Gris oscuro simbolo
rgb(73, 80, 91), rgb(38, 50, 56)
rgb(74, 80, 91), rgb(38, 50, 56)

// Blanco armor => Negro armor
rgb(40, 40, 80), rgb(13, 13, 13)
rgb(40, 40, 82), rgb(13, 13, 13)
rgb(41, 40, 80), rgb(13, 13, 13)
rgb(41, 41, 80), rgb(13, 13, 13)
rgb(41, 41, 81), rgb(13, 13, 13)
rgb(57, 56, 123), rgb(28, 28, 28)
rgb(72, 64, 104), rgb(33, 33, 33)
rgb(73, 65, 105), rgb(33, 33, 33)
rgb(72, 64, 105), rgb(33, 33, 33)
rgb(73, 64, 104), rgb(33, 33, 33)
rgb(73, 65, 104), rgb(33, 33, 33)
rgb(72, 64, 106), rgb(33, 33, 33)
rgb(120, 120, 160), rgb(58, 58, 58)
rgb(102, 119, 153), rgb(58, 58, 58)
rgb(121, 121, 160), rgb(58, 58, 58)
rgb(120, 121, 163), rgb(58, 58, 58)
rgb(121, 120, 160), rgb(58, 58, 58)
rgb(121, 121, 161), rgb(58, 58, 58)
rgb(121, 122, 164), rgb(58, 58, 58)
rgb(152, 160, 192), rgb(78, 78, 78)
rgb(153, 161, 193), rgb(78, 78, 78)
rgb(153, 160, 192), rgb(78, 78, 78)
rgb(153, 161, 192), rgb(78, 78, 78)
rgb(153, 162, 195), rgb(78, 78, 78)
rgb(154, 163, 196), rgb(78, 78, 78)
rgb(224, 224, 240), rgb(98, 98, 98)
rgb(224, 225, 240), rgb(98, 98, 98)
rgb(240, 240, 248), rgb(118, 118, 118)

// Cintura
rgb(80, 80, 120), rgb(33, 33, 33)
rgb(123, 135, 154), rgb(109, 109, 109)
rgb(235, 234, 234), rgb(169, 169, 169)
rgb(234, 234, 234), rgb(169, 169, 169)
