// Rojo armor => Azules armor
rgb(236, 36, 36), rgb(0, 164, 93)
rgb(237, 37, 36), rgb(0, 164, 93)
rgb(236, 37, 36), rgb(0, 164, 93)
rgb(236, 37, 37), rgb(0, 164, 93)
rgb(237, 36, 37), rgb(0, 164, 93)
rgb(236, 36, 37), rgb(0, 164, 93)
rgb(188, 8, 10), rgb(0, 116, 65)
rgb(186, 8, 9), rgb(0, 116, 65)
rgb(184, 8, 8), rgb(0, 116, 65)
rgb(185, 8, 9), rgb(0, 116, 65)
rgb(185, 8, 8), rgb(0, 116, 65)
rgb(185, 9, 9), rgb(0, 116, 65)
rgb(185, 9, 8), rgb(0, 116, 65)
rgb(184, 9, 9), rgb(0, 116, 65)
rgb(120, 8, 8), rgb(0, 74, 40)
rgb(120, 9, 9), rgb(0, 74, 40)
rgb(121, 9, 9), rgb(0, 74, 40)
rgb(121, 9, 8), rgb(0, 74, 40)
rgb(121, 8, 8), rgb(0, 74, 40)
rgb(121, 8, 9), rgb(0, 74, 40)
rgb(122, 8, 10), rgb(0, 74, 40)
rgb(123, 0, 0), rgb(0, 74, 40)
rgb(123, 9, 12), rgb(0, 74, 40)
rgb(65, 9, 8), rgb(0, 54, 20)
rgb(65, 9, 9), rgb(0, 54, 20)
rgb(64, 8, 8), rgb(0, 54, 20)

// Ojos armor
rgb(107, 81, 73), rgb(0, 77, 64)
rgb(156, 158, 137), rgb(230, 238, 156)

// Ojos
// rgb(240, 232, 144), rgb(215, 124, 95)
// rgb(168, 152, 48), rgb(168, 74, 45)

// Rojo capa => Azul capa
rgb(82, 16, 16), rgb(0, 50, 27)
rgb(107, 16, 16), rgb(9, 60, 37)
rgb(197, 33, 25), rgb(14, 65, 42)
rgb(173, 33, 25), rgb(24, 75, 52)
rgb(173, 34, 26), rgb(24, 75, 52)

// Amarillo armor => Gris armor
rgb(255, 255, 51), rgb(255, 255, 220)
rgb(255, 235, 0), rgb(255, 255, 220)
rgb(248, 208, 0), rgb(255, 255, 220)
rgb(248, 208, 1), rgb(255, 255, 220)
rgb(241, 169, 0), rgb(255, 224, 36)
rgb(241, 169, 1), rgb(255, 224, 36)
rgb(240, 168, 0), rgb(255, 224, 36)
rgb(240, 168, 1), rgb(255, 224, 36)
rgb(240, 169, 0), rgb(255, 224, 36)
rgb(240, 169, 1), rgb(255, 224, 36)
rgb(204, 170, 34), rgb(216, 152, 0)
rgb(217, 97, 17), rgb(216, 152, 0)
rgb(217, 97, 16), rgb(216, 152, 0)
rgb(216, 96, 16), rgb(216, 152, 0)
rgb(216, 97, 16), rgb(216, 152, 0)
rgb(216, 96, 17), rgb(216, 152, 0)
rgb(216, 97, 17), rgb(216, 152, 0)

// Blanco hair => Negro hair
rgb(64, 56, 72), rgb(134, 101, 0)
rgb(112, 112, 144), rgb(154, 121, 0)
rgb(168, 168, 200), rgb(231, 201, 124)

// Gris simbolo => Gris oscuro simbolo
rgb(73, 80, 91), rgb(64, 64, 64)
rgb(74, 80, 91), rgb(64, 64, 64)

// Blanco armor => Negro armor
rgb(40, 40, 80), rgb(174, 141, 11)
rgb(40, 40, 82), rgb(174, 141, 11)
rgb(41, 40, 80), rgb(174, 141, 11)
rgb(41, 41, 80), rgb(174, 141, 11)
rgb(41, 41, 81), rgb(174, 141, 11)
rgb(57, 56, 123), rgb(187, 152, 29)
rgb(72, 64, 104), rgb(199, 164, 43)
rgb(73, 65, 105), rgb(199, 164, 43)
rgb(72, 64, 105), rgb(199, 164, 43)
rgb(73, 64, 104), rgb(199, 164, 43)
rgb(73, 65, 104), rgb(199, 164, 43)
rgb(72, 64, 106), rgb(199, 164, 43)
rgb(120, 120, 160), rgb(212, 175, 55)
rgb(102, 119, 153), rgb(212, 175, 55)
rgb(121, 121, 160), rgb(212, 175, 55)
rgb(120, 121, 163), rgb(212, 175, 55)
rgb(121, 120, 160), rgb(212, 175, 55)
rgb(121, 121, 161), rgb(212, 175, 55)
rgb(121, 122, 164), rgb(212, 175, 55)
rgb(152, 160, 192), rgb(231, 201, 124)
rgb(153, 161, 193), rgb(231, 201, 124)
rgb(153, 160, 192), rgb(231, 201, 124)
rgb(153, 161, 192), rgb(231, 201, 124)
rgb(153, 162, 195), rgb(231, 201, 124)
rgb(154, 163, 196), rgb(231, 201, 124)
rgb(224, 224, 240), rgb(239, 214, 157)
rgb(224, 225, 240), rgb(239, 214, 157)
rgb(240, 240, 248), rgb(246, 227, 189)

// Cintura
rgb(80, 80, 120), rgb(199, 164, 43)
rgb(123, 135, 154), rgb(95, 95, 95)
rgb(235, 234, 234), rgb(155, 155, 155)
rgb(234, 234, 234), rgb(155, 155, 155)
