// Rojo
rgb(255, 18, 35), rgb(255, 18, 35)
rgb(255, 68, 81), rgb(255, 68, 81)
rgb(255, 90, 102), rgb(255, 90, 102)

rgb(253, 32, 117), rgb(253, 32, 117)
rgb(255, 75, 144), rgb(255, 75, 144)
rgb(255, 107, 164), rgb(255, 107, 164)

rgb(23, 189, 151), rgb(23, 189, 151)
rgb(48, 229, 188), rgb(48, 229, 188)
rgb(167, 255, 235), rgb(167, 255, 235)

rgb(251, 119, 4), rgb(251, 119, 4)

// Azul
rgb(255, 18, 35), rgb(41, 98, 255)
rgb(255, 68, 81), rgb(68, 138, 255)
rgb(255, 90, 102), rgb(66, 165, 245)

rgb(253, 32, 117), rgb(47, 174, 234)
rgb(255, 75, 144), rgb(77, 198, 255)
rgb(255, 107, 164), rgb(143, 219, 255)

rgb(23, 189, 151), rgb(255, 82, 82)
rgb(48, 229, 188), rgb(255, 138, 128)
rgb(167, 255, 235), rgb(255, 188, 178)

rgb(251, 119, 4), rgb(85, 238, 255)

// Morado
rgb(255, 18, 35), rgb(58, 27, 128)
rgb(255, 68, 81), rgb(80, 51, 146)
rgb(255, 90, 102), rgb(98, 71, 157)

rgb(253, 32, 117), rgb(82, 46, 228)
rgb(255, 75, 144), rgb(101, 69, 228)
rgb(255, 107, 164), rgb(120, 92, 234)

rgb(23, 189, 151), rgb(1, 188, 11)
rgb(48, 229, 188), rgb(114, 227, 96)
rgb(167, 255, 235), rgb(185, 246, 202)

rgb(251, 119, 4), rgb(205, 100, 255)

// Amarillo
rgb(255, 18, 35), rgb(255, 181, 29)
rgb(255, 68, 81), rgb(255, 196, 0)
rgb(255, 90, 102), rgb(255, 215, 64)

rgb(253, 32, 117), rgb(255, 165, 0)
rgb(255, 75, 144), rgb(255, 206, 0)
rgb(255, 107, 164), rgb(255, 225, 100)

rgb(23, 189, 151), rgb(118, 117, 205)
rgb(48, 229, 188), rgb(179, 157, 219)
rgb(167, 255, 235), rgb(209, 196, 233)

rgb(251, 119, 4), rgb(238, 255, 65)

// Verde
rgb(255, 18, 35), rgb(5, 144, 75)
rgb(255, 68, 81), rgb(0, 191, 96)
rgb(255, 90, 102), rgb(6, 232, 120)

rgb(253, 32, 117), rgb(20, 199, 152)
rgb(255, 75, 144), rgb(16, 255, 193)
rgb(255, 107, 164), rgb(165, 255, 232)

rgb(23, 189, 151), rgb(230, 218, 199)
rgb(48, 229, 188), rgb(255, 243, 224)
rgb(167, 255, 235), rgb(255, 253, 234)

rgb(251, 119, 4), rgb(118, 255, 3)
